59458912
71080032
78699600
48796736
59645728
85678128
112279920
31631712
23003248
35653712
35005200
26266976
68030320
10287392
131908144
27771968
107674464
26955776
120437296
91303968
57434400
54178048
71542864
123962448
15580448
55824448
10122768
32711760
3589120
43382896
109049120
58428752
35789424
444464
26919488
67874160
295472
119850608
73644384
32166752
775936
5593168
35865184
89052208
81304112
40734000
69372256
4423504
50329856
127170672
96616560
27385376
48661872
34532688
122613760
77313904
20473200
70960
121211904
95792976
87340576
124433920
101472048
127657072
133725696
94833520
47219808
58819120
1019712
83970624
25833792
112805728
109974032
102645520
67782416
31049056
66530064
43400784
15905104
51368816
23232816
111537760
134203920
32116992
129490976
124639520
8936976
67414048
81886768
81661536
100062784
36356880
133975856
66159648
116597808
31076464
129513216
76065808
44535664
130505328
90052720
60916240
89937200
83683136
29954576
53057840
9620080
28174896
34954544
25041728
77645168
22947936
64514592
68222496
72978720
14641744
51219760
127803696
69670704
44545872
108396336
95425072
52800608
127394656
83716928
105090320
74336880
100085312
92834304
113684304
98600192
60409424
69666320
22541872
131264768
104744736
30473760
89241968
55334720
36812320
100637952
31978336
1505344
45391136
31936032
125935216
18966304
11921264
106122320
93752336
101551168
74395184
130231840
81081856
111838576
56182784
125579120
119016192
86007328
87206656
55047728
114262128
131051088
28429360
26428944
71907616
52243472
125787472
41504624
99606304
56328464
97384560
109732624
40556848
112372784
45248112
72470336
107216992
17258320
38041936
123610464
37450048
122035024
89893680
101671680
48447792
76853872
71472400
93797936
113891392
105575440
105155936
50214432
113132032
79584096
111160400
126906208
110613072
43412560
9827696
121571664
34649184
69890400
116577120
83933520
101423616
121172576
99119696
16299824
104642048
94990400
30643312
95977472
68184656
73327952
16039200
2070272
124890112
22592784
101431296
69282560
27600224
6781808
93406832
70536224
118965600
11198288
118987776
22429984
112348464
130967088
22222624
44858736
70780704
120144656
39760384
106631728
111447312
59862816
2277472
249856
27490096
2416944
118624320
65215008
120605280
90925408
60784400
21505344
69018368
35341664
62642032
41921648
121169488
110508048
97965680
110472720
122206464
3498592
3519008
69150784
130678112
132734496
27425312
54592048
27454528
71004720
97689904
129968448
80493120
73871168
82799360
35479648
28798496
43183936
107691872
22224224
3975760
27179328
40763392
127845152
37487632
24097296
43340912
85601616
126107200
33857808
75381760
11259456
108315728
2280192
32560672
51724560
45245696
67937904
26457696
20009824
126197616
64905280
63955296
24937520
41544768
130533744
128132928
86889072
62019136
49803360
113673824
131116288
46214240
110711152
126401808
2399536
40610400
19485040
83594544
26192752
103217920
107848000
30084384
65146880
15470896
52465776
82260576
19629056
114200944
66929168
126843744
90549264
2416208
3584528
20239184
76932352
52286464
86372912
111082240
40256784
132252448
121480272
7869440
74552672
3014224
94238064
76592960
28876800
26386464
30802208
62239040
35865440
24079616
62678896
5322832
127497552
61440784
83653408
121651968
57163008
31252592
120306704
67752992
52637280
47427408
6547536
56956736
89974624
30433872
81980768
121371472
39114544
55802976
117904912
12538720
33685824
58033440
17419552
34740736
85708560
19279120
57617248
451616
23054640
31810064
66642208
46078304
67558512
94307392
10901056
92096032
16420096
64361824
7480848
103896880
47053376
51227936
65194032
118045040
82564928
59066384
34601488
120746576
72808544
19188224
53464896
128296496
127196160
103724800
23325952
93648720
62362128
40832624
62338384
81587520
40297472
25675520
111581040
42841360
93040896
133881456
39096144
82172976
52183632
32533872
125084160
11671328
2623840
46567280
77164048
75648336
373552
58143024
113528384
27908976
28796528
84639536
21315616
99967520
84275232
14790976
124466432
128370256
78966288
57835280
34657296
5156672
100589648
12767856
30066496
18034288
68249680
126755840
1051152
28846688
90789456
26250496
70100272
73911088
61123120
36761856
131012160
130811424
105218112
43066928
50038272
59929936
29557600
73635664
10756112
115935296
11902576
48366144
28371232
96852224
119805792
51057456
41314896
79767088
57012576
13382432
49717792
91121472
125780576
109884272
133021792
103864672
99570192
92709904
6072640
83218448
54740768
108261184
47709216
108371216
42426992
77555312
60848448
37202448
64998496
54730528
104471120
74509600
42390592
63547424
88346464
40123936
12606208
104925440
67978352
30819888
66614880
68332656
8616960
45657184
118404384
3200560
124765200
24263536
110712352
81401184
100359248
73711120
1475328
39063568
123498048
45641312
44041216
49141104
85291632
126273904
60968288
23918368
72967168
84453728
1775408
114303296
18945104
80882544
98215696
89874000
55611984
9173776
115271952
18093920
18895456
1606432
5406976
131379536
73706864
127836240
113253120
43399232
27501056
18400832
110010176
78995312
109572928
131057776
12266256
22755184
25083968
111025488
49886576
108865376
55585376
64857872
76188224
32601152
98321168
95188832
25059600
105518080
128135776
91041872
117292128
37346304
3941216
38649712
122341488
43203648
115781376
78329920
82101056
27223856
27715856
120318528
28161392
53190160
59759440
28264016
123811888
50992736
79764528
47363440
102939696
111597584
64410928
8037648
32423520
58499168
23456608
112914992
2001408
73697584
41902128
104594960
33354352
25031680
111012432
46789472
28744512
30020416
79879504
105450240
73319712
38224944
74331936
14176864
48809776
3876624
55618608
122208352
129841696
67874128
85417584
52153456
4615456
73100336
120232208
62580800
74064672
21892944
117728112
90512128
123944528
123032352
68642880
100656
124045568
36685920
48420672
55190064
36795664
3313776
38405664
82144608
32482880
126649120
5889904
48313696
43114832
40962144
13933856
41807120
109037616
79007264
33114704
76277104
128270400
92720912
11267888
10710848
10467616
59744288
86086176
11974240
10968848
106741296
93999200
28664672
92823888
92059920
107651936
61631504
113710192
134162960
60782624
34511376
13798736
87607904
68096064
94868752
18301216
103968016
81723152
46902048
106087424
32050448
38863440
47008784
113816928
9116784
57610512
111632208
3666256
37076736
30387216
16610048
65120352
26771264
118993440
52955232
78417472
36167184
44470080
1419616
130130000
64451120
54164592
124932192
106888272
129593600
25519360
51746096
132564272
103265632
17973104
73985296
107009120
79454032
59110720
41331040
91410192
108546048
13430320
69188208
127052112
123376240
76550416
108993600
119422240
58019120
100044816
99568480
107939424
90097696
125678704
87855936
102993440
94228256
27227440
102524512
93763344
38415728
132588048
110993008
91233136
120970592
32581488
129896448
131126272
39136016
82987840
71240560
54958624
33969472
60450352
102248048
93959680
56092016
19637808
75905360
67661856
33713728
14761728
106546544
115169280
39936
4239200
115703088
102531872
7166048
17731360
48760608
115860288
69803840
3502080
112151840
74149728
37189696
41040704
100581888
20983616
85931808
37684736
84420656
82872160
34763776
66783344
78077232
54159168
49706544
25154864
128825456
39288656
53998608
41316208
102321760
120984864
87522672
121453424
30451024
129312336
36493904
14521616
110304000
128234784
126342432
53433872
118476896
18530128
38834448
58620688
122146080
60974592
69839712
113176656
118318400
31288112
35931760
948288
114490640
37811248
14137648
93347920
49750080
36654608
37506816
95523152
6445424
100886352
70490704
42358576
53899344
75186000
119456800
101849408
71100016
72127488
96688448
83634752
8918288
100805472
81347360
71860560
84391440
29860464
118374736
75255824
11648512
127887616
92358656
96617328
100962624
114479152
65785152
75654432
49968224
121128816
104353360
84890656
97301104
75191648
52752944
119514624
32454000
61289072
74486624
19836160
58216016
104665168
63993904
64487424
88344080
111060016
110170432
113007184
42266736
20494352
70210880
25203568
118976048
93259824
110181456
100476752
113193840
23963456
117026080
22714704
5631808
129632544
61290352
54838352
28185392
64359456
81124112
66843440
41837824
125127792
4764192
51981424
28093184
26710608
30178320
82054144
48982848
17395040
51673376
79612960
13348640
44037216
99317600
26137872
2548752
24739648
108434784
125271120
18448640
13211952
67189600
84437344
38517600
92228192
39848208
35832176
47378016
13452032
56532480
19416112
56637984
66394192
120876864
33165328
75211872
53735008
7426160
124356464
105787168
1917280
119990384
64614912
117619024
45628960
117657120
99015280
109200736
70932320
88639504
100968032
16257584
37817664
24440080
69627664
110323232
7427584
109294432
129246720
15891712
132629776
105703184
39408496
128619104
42328592
80221264
112674928
29564240
120162880
44231184
50014016
127117904
116432992
129484096
60672864
17902352
10489600
22294544
70074128
26021456
99737200
121482048
68504128
94469440
70833168
110022240
24819968
44071184
70899568
118497360
50496048
56439904
125787648
110883904
95430768
39829584
108930640
4927328
43922480
97666352
103879680
101385248
42175840
1517168
50576672
110430528
122196784
27841056
111387440
41193296
7195152
133551136
108116816
25125376
103657536
132577632
62045264
67801680
110984256
83078928
55116064
128416336
91944464
22644224
26547056
7497328
10642960
15650656